%time,field.layout.data_offset,field.data0,field.data1,field.data2,field.data3,field.data4,field.data5,field.data6,field.data7
1752310571817727879,0,-16099,-4116,11905,10049,-4084,-9057,1566,14779
1752310571837685924,0,-16099,-4116,11905,10049,-4084,-9057,1566,14779
1752310571857783525,0,-16099,-4116,11905,10049,-4084,-9057,1566,14779
1752310571877774169,0,-16099,-4116,11905,10049,-4084,-9057,1566,14779
1752310571897697316,0,-16099,-4116,11905,10049,-4084,-9057,1566,14779
1752310571917784526,0,-16099,-4116,11905,10049,-4084,-9057,1566,14779
1752310571937723548,0,-16099,-4116,11905,10049,-4084,-9057,1566,14779
1752310571957774892,0,-16099,-4116,11905,10049,-4084,-9057,1566,14779
1752310571977865817,0,-16099,-4116,11905,10049,-4084,-9057,1566,14779
1752310571997725064,0,-16099,-4116,11905,10049,-4084,-9057,1566,14779
1752310572017679688,0,-16099,-4116,11905,10049,-4084,-9057,1566,14779
1752310572037693808,0,-16099,-4116,11905,10049,-4084,-9057,1566,14779
1752310572057632285,0,-16099,-4116,11905,10049,-4084,-9057,1566,14779
1752310572077682201,0,-16099,-4116,11905,10049,-4084,-9057,1566,14779
1752310572097781744,0,-16099,-4116,11905,10049,-4084,-9057,1566,14779
1752310572117694581,0,-16099,-4116,11905,10049,-4084,-9057,1566,14779
1752310572137588658,0,-16099,-4116,11905,10049,-4084,-9057,1566,14779
1752310572157797137,0,-16099,-4116,11905,10049,-4084,-9057,1566,14779
1752310572177801261,0,-16099,-4116,11905,10049,-4084,-9057,1566,14779
1752310572197814051,0,-16099,-4116,11905,10049,-4084,-9057,1566,14779
1752310572217749327,0,-16099,-4116,11905,10049,-4084,-9057,1566,14779
1752310572237763260,0,-16099,-4116,11905,10049,-4084,-9057,1566,14779
1752310572257798678,0,-16099,-4116,11905,10049,-4084,-9057,1566,14779
1752310572277733422,0,-16099,-4116,11905,10049,-4084,-9057,1566,14779
1752310572297758006,0,-16099,-4116,11905,10049,-4084,-9057,1566,14779
1752310572317730014,0,-16099,-4116,11905,10049,-4084,-9057,1566,14779
1752310572337709267,0,-16099,-4116,11905,10049,-4084,-9057,1566,14779
1752310572357687886,0,-16099,-4116,11905,10049,-4084,-9057,1566,14779
1752310572377725051,0,-16099,-4116,11905,10049,-4084,-9057,1566,14779
1752310572397639107,0,-16099,-4116,11905,10049,-4084,-9057,1566,14779
1752310572417696494,0,-16099,-4116,11905,10049,-4084,-9057,1566,14779
1752310572437758244,0,-16099,-4116,11905,10049,-4084,-9057,1566,14779
1752310572457658109,0,-16099,-4116,11905,10049,-4084,-9057,1566,14779
1752310572477727547,0,-16099,-4116,11905,10049,-4084,-9057,1566,14779
1752310572497694551,0,-16099,-4116,11905,10049,-4084,-9057,1566,14779
1752310572517675563,0,-16099,-4116,11905,10049,-4084,-9057,1566,14779
1752310572537678552,0,-16099,-4116,11905,10049,-4084,-9057,1566,14779
1752310572557661805,0,-16099,-4116,11905,10049,-4084,-9057,1566,14779
1752310572577681520,0,-16099,-4116,11905,10049,-4084,-9057,1566,14779
1752310572597731967,0,-16099,-4116,11905,10049,-4084,-9057,1566,14779
1752310572617823841,0,-16099,-4116,11905,10049,-4084,-9057,1566,14779
1752310572637785567,0,-16099,-4116,11905,10049,-4084,-9057,1566,14779
1752310572657755985,0,-16099,-4116,11905,10049,-4084,-9057,1566,14779
1752310572677785753,0,-16099,-4116,11905,10049,-4084,-9057,1566,14779
1752310572697864741,0,-16099,-4116,11905,10049,-4084,-9057,1566,14779
1752310572717822522,0,-16099,-4116,11905,10049,-4084,-9057,1566,14779
1752310572737794264,0,-16099,-4116,11905,10049,-4084,-9057,1566,14779
1752310572757944635,0,-16099,-4116,11905,10049,-4084,-9057,1566,14779
1752310572777857623,0,-16099,-4116,11905,10049,-4084,-9057,1566,14779
1752310572797832061,0,-16099,-4116,11905,10049,-4084,-9057,1566,14779
1752310572817766066,0,-16099,-4116,11905,10049,-4084,-9057,1566,14779
1752310572837822107,0,-16099,-4116,11905,10049,-4084,-9057,1566,14779
1752310572857884141,0,-16099,-4116,11905,10049,-4084,-9057,1566,14779
1752310572877800495,0,-16099,-4116,11905,10049,-4084,-9057,1566,14779
1752310572897780846,0,-16099,-4116,11905,10049,-4084,-9057,1566,14779
1752310572917934869,0,-16099,-4116,11905,10049,-4084,-9057,1566,14779
1752310572937903036,0,-16099,-4116,11905,10049,-4084,-9057,1566,14779
1752310572957841654,0,-16099,-4116,11905,10049,-4084,-9057,1566,14779
1752310572977827074,0,-16099,-4116,11905,10049,-4084,-9057,1566,14779
1752310572997840136,0,-16099,-4116,11905,10049,-4084,-9057,1566,14779
1752310573017989311,0,-16099,-4116,11905,10049,-4084,-9057,1566,14779
1752310573037766104,0,-16099,-4116,11905,10049,-4084,-9057,1566,14779
1752310573057844256,0,-16099,-4116,11905,10049,-4084,-9057,1566,14779
1752310573077967270,0,-16099,-4116,11905,10049,-4084,-9057,1566,14779
1752310573097849268,0,-16099,-4116,11905,10049,-4084,-9057,1566,14779
1752310573117844696,0,-16099,-4116,11905,10049,-4084,-9057,1566,14779
1752310573137759622,0,-16099,-4116,11905,10049,-4084,-9057,1566,14779
1752310573157844846,0,-16099,-4116,11905,10049,-4084,-9057,1566,14779
1752310573177864737,0,-16099,-4116,11905,10049,-4084,-9057,1566,14779
1752310573197819590,0,-16099,-4116,11905,10049,-4084,-9057,1566,14779
1752310573217767932,0,-16099,-4116,11905,10049,-4084,-9057,1566,14779
1752310573237790446,0,-16099,-4116,11905,10049,-4084,-9057,1566,14779
1752310573257815951,0,-16099,-4116,11905,10049,-4084,-9057,1566,14779
1752310573277614593,0,-16099,-4116,11905,10049,-4084,-9057,1566,14779
1752310573297765958,0,-16099,-4116,11905,10049,-4084,-9057,1566,14779
1752310573317812695,0,-16099,-4116,11905,10049,-4084,-9057,1566,14779
1752310573337799099,0,-16099,-4116,11905,10049,-4084,-9057,1566,14779
1752310573357635425,0,-16099,-4116,11905,10049,-4084,-9057,1566,14779
1752310573377634331,0,-16099,-4116,11905,10049,-4084,-9057,1566,14779
1752310573397743815,0,-16099,-4116,11905,10049,-4084,-9057,1566,14779
1752310573417833229,0,-16099,-4116,11905,10049,-4084,-9057,1566,14779
1752310573437865426,0,-16099,-4116,11905,10049,-4084,-9057,1566,14779
1752310573457821594,0,-16099,-4116,11905,10049,-4084,-9057,1566,14779
1752310573477761189,0,-16099,-4116,11905,10049,-4084,-9057,1566,14779
1752310573497722412,0,-16099,-4116,11905,10049,-4084,-9057,1566,14779
1752310573517797973,0,-16099,-4116,11905,10049,-4084,-9057,1566,14779
1752310573537778483,0,-16099,-4116,11905,10049,-4084,-9057,1566,14779
1752310573557691714,0,-16099,-4116,11905,10049,-4084,-9057,1566,14779
1752310573577684079,0,-16099,-4116,11905,10049,-4084,-9057,1566,14779
1752310573597865658,0,-16099,-4116,11905,10049,-4084,-9057,1566,14779
1752310573617722775,0,-16099,-4116,11905,10049,-4084,-9057,1566,14779
1752310573637799176,0,-16099,-4116,11905,10049,-4084,-9057,1566,14779
1752310573657770818,0,-16099,-4116,11905,10049,-4084,-9057,1566,14779
1752310573677727525,0,-16099,-4116,11905,10049,-4084,-9057,1566,14779
1752310573697777142,0,-16099,-4116,11905,10049,-4084,-9057,1566,14779
1752310573717783948,0,-16099,-4116,11905,10049,-4084,-9057,1566,14779
1752310573737758262,0,-16099,-4116,11905,10049,-4084,-9057,1566,14779
1752310573757799461,0,-16099,-4116,11905,10049,-4084,-9057,1566,14779
1752310573777803556,0,-16099,-4116,11905,10049,-4084,-9057,1566,14779
1752310573797721835,0,-16099,-4116,11905,10049,-4084,-9057,1566,14779
1752310573817677053,0,-16099,-4116,11905,10049,-4084,-9057,1566,14779
1752310573837616535,0,-16099,-4116,11905,10049,-4084,-9057,1566,14779
1752310573857690954,0,-16099,-4116,11905,10049,-4084,-9057,1566,14779
1752310573877821754,0,-16099,-4116,11905,10049,-4084,-9057,1566,14779
1752310573897907711,0,-16099,-4116,11905,10049,-4084,-9057,1566,14779
1752310573917950002,0,-16099,-4116,11905,10049,-4084,-9057,1566,14779
1752310573937725070,0,-16099,-4116,11905,10049,-4084,-9057,1566,14779
1752310573957832742,0,-16099,-4116,11905,10049,-4084,-9057,1566,14779
1752310573977872600,0,-16099,-4116,11905,10049,-4084,-9057,1566,14779
1752310573997813698,0,-16099,-4116,11905,10049,-4084,-9057,1566,14779
1752310574017792405,0,-16099,-4116,11905,10049,-4084,-9057,1566,14779
1752310574037708095,0,-16099,-4116,11905,10049,-4084,-9057,1566,14779
1752310574057793671,0,-16099,-4116,11905,10049,-4084,-9057,1566,14779
1752310574077749439,0,-16099,-4116,11905,10049,-4084,-9057,1566,14779
1752310574097693160,0,-16099,-4116,11905,10049,-4084,-9057,1566,14779
1752310574117711863,0,-16099,-4116,11905,10049,-4084,-9057,1566,14779
1752310574137720326,0,-16099,-4116,11905,10049,-4084,-9057,1566,14779
1752310574157833114,0,-16099,-4116,11905,10049,-4084,-9057,1566,14779
1752310574177761756,0,-16099,-4116,11905,10049,-4084,-9057,1566,14779
1752310574197865983,0,-16099,-4116,11905,10049,-4084,-9057,1566,14779
1752310574217739704,0,-16099,-4116,11905,10049,-4084,-9057,1566,14779
1752310574237809215,0,-16099,-4116,11905,10049,-4084,-9057,1566,14779
1752310574257733226,0,-16099,-4116,11905,10049,-4084,-9057,1566,14779
1752310574277749892,0,-16099,-4116,11905,10049,-4084,-9057,1566,14779
1752310574297725324,0,-16099,-4116,11905,10049,-4084,-9057,1566,14779
1752310574317802485,0,-16099,-4116,11905,10049,-4084,-9057,1566,14779
1752310574337686879,0,-16099,-4116,11905,10049,-4084,-9057,1566,14779
1752310574357911980,0,-16099,-4116,11905,10049,-4084,-9057,1566,14779
1752310574377704486,0,-16099,-4116,11905,10049,-4084,-9057,1566,14779
1752310574397746061,0,-16099,-4116,11905,10049,-4084,-9057,1566,14779
1752310574417734535,0,-16099,-4116,11905,10049,-4084,-9057,1566,14779
1752310574437780708,0,-16099,-4116,11905,10049,-4084,-9057,1566,14779
1752310574457664023,0,-16099,-4116,11905,10049,-4084,-9057,1566,14779
1752310574477979524,0,-16099,-4116,11905,10049,-4084,-9057,1566,14779
1752310574497699609,0,-16099,-4116,11905,10049,-4084,-9057,1566,14779
1752310574517724608,0,-16099,-4116,11905,10049,-4084,-9057,1566,14779
1752310574537728616,0,-16099,-4116,11905,10049,-4084,-9057,1566,14779
1752310574557672760,0,-16099,-4116,11905,10049,-4084,-9057,1566,14779
1752310574577827277,0,-16099,-4116,11905,10049,-4084,-9057,1566,14779
1752310574597786641,0,-16099,-4116,11905,10049,-4084,-9057,1566,14779
1752310574617965617,0,-16099,-4116,11905,10049,-4084,-9057,1566,14779
1752310574637752913,0,-16099,-4116,11905,10049,-4084,-9057,1566,14779
1752310574657719435,0,-16099,-4116,11905,10049,-4084,-9057,1566,14779
1752310574677655614,0,-16099,-4116,11905,10049,-4084,-9057,1566,14779
1752310574697750916,0,-16099,-4116,11905,10049,-4084,-9057,1566,14779
1752310574717717950,0,-16099,-4116,11905,10049,-4084,-9057,1566,14779
1752310574737770656,0,-16099,-4116,11905,10049,-4084,-9057,1566,14779
1752310574757817436,0,-16099,-4116,11905,10049,-4084,-9057,1566,14779
1752310574777707265,0,-16099,-4116,11905,10049,-4084,-9057,1566,14779
1752310574797691234,0,-16099,-4116,11905,10049,-4084,-9057,1566,14779
1752310574817672655,0,-16102,-4116,11905,10046,-4084,-9057,1566,14779
1752310574837634380,0,-16113,-4116,11905,10035,-4084,-9057,1566,14779
1752310574857727587,0,-16129,-4116,11905,10019,-4084,-9057,1566,14779
1752310574877670725,0,-16145,-4116,11905,10003,-4084,-9057,1566,14779
1752310574897684920,0,-16161,-4116,11905,9987,-4084,-9057,1566,14779
1752310574917719671,0,-16177,-4116,11905,9971,-4084,-9057,1566,14779
1752310574937713170,0,-16193,-4116,11905,9955,-4084,-9057,1566,14779
1752310574957694901,0,-16209,-4116,11905,9939,-4084,-9057,1566,14779
1752310574977681573,0,-16225,-4116,11905,9923,-4084,-9057,1566,14779
1752310574997770494,0,-16241,-4116,11905,9907,-4084,-9057,1566,14779
1752310575017774587,0,-16257,-4116,11905,9891,-4084,-9057,1566,14779
1752310575037765494,0,-16273,-4116,11905,9875,-4084,-9057,1566,14779
1752310575057701811,0,-16289,-4116,11905,9859,-4084,-9057,1566,14779
1752310575077696441,0,-16305,-4116,11905,9843,-4084,-9057,1566,14779
1752310575097730921,0,-16321,-4116,11905,9827,-4084,-9057,1566,14779
1752310575117862631,0,-16337,-4116,11905,9811,-4084,-9057,1566,14779
1752310575137755113,0,-16353,-4116,11905,9795,-4084,-9057,1566,14779
1752310575157749962,0,-16369,-4116,11905,9779,-4084,-9057,1566,14779
1752310575177712567,0,-16385,-4116,11905,9763,-4084,-9057,1566,14779
1752310575197754680,0,-16401,-4116,11905,9747,-4084,-9057,1566,14779
1752310575217754838,0,-16417,-4116,11905,9731,-4084,-9057,1566,14779
1752310575237734552,0,-16433,-4116,11905,9715,-4084,-9057,1566,14779
1752310575257810154,0,-16449,-4116,11905,9699,-4084,-9057,1566,14779
1752310575277951416,0,-16465,-4116,11905,9683,-4084,-9057,1566,14779
1752310575297791307,0,-16481,-4116,11905,9667,-4084,-9057,1566,14779
1752310575317771492,0,-16497,-4116,11905,9651,-4084,-9057,1566,14779
1752310575337809601,0,-16513,-4116,11905,9635,-4084,-9057,1566,14779
1752310575357808257,0,-16529,-4116,11905,9619,-4084,-9057,1566,14779
1752310575377647610,0,-16545,-4116,11905,9603,-4084,-9057,1566,14779
1752310575397624116,0,-16561,-4116,11905,9587,-4084,-9057,1566,14779
1752310575417745772,0,-16577,-4116,11905,9571,-4084,-9057,1566,14779
1752310575437834243,0,-16593,-4116,11905,9555,-4084,-9057,1566,14779
1752310575457840281,0,-16609,-4116,11905,9539,-4084,-9057,1566,14779
1752310575477710548,0,-16625,-4116,11905,9523,-4084,-9057,1566,14779
1752310575497729628,0,-16641,-4116,11905,9507,-4084,-9057,1566,14779
1752310575517721400,0,-16657,-4116,11905,9491,-4084,-9057,1566,14779
1752310575537699800,0,-16673,-4116,11905,9475,-4084,-9057,1566,14779
1752310575557714767,0,-16689,-4116,11905,9459,-4084,-9057,1566,14779
1752310575577796066,0,-16705,-4116,11905,9443,-4084,-9057,1566,14779
1752310575597854040,0,-16721,-4116,11905,9427,-4084,-9057,1566,14779
1752310575617741265,0,-16737,-4116,11905,9411,-4084,-9057,1566,14779
1752310575637817141,0,-16753,-4116,11905,9395,-4084,-9057,1566,14779
1752310575657810309,0,-16769,-4116,11905,9379,-4084,-9057,1566,14779
1752310575677732217,0,-16785,-4116,11905,9363,-4084,-9057,1566,14779
1752310575697720341,0,-16801,-4116,11905,9347,-4084,-9057,1566,14779
1752310575717670956,0,-16817,-4116,11905,9331,-4084,-9057,1566,14779
1752310575737765436,0,-16833,-4116,11905,9315,-4084,-9057,1566,14779
1752310575757881091,0,-16849,-4116,11905,9299,-4084,-9057,1566,14779
1752310575777795598,0,-16865,-4116,11905,9283,-4084,-9057,1566,14779
1752310575797739332,0,-16881,-4116,11905,9267,-4084,-9057,1566,14779
1752310575817651798,0,-16897,-4116,11905,9251,-4084,-9057,1566,14779
1752310575837757673,0,-16913,-4116,11905,9235,-4084,-9057,1566,14779
1752310575857643210,0,-16929,-4116,11905,9219,-4084,-9057,1566,14779
1752310575877699405,0,-16945,-4116,11905,9203,-4084,-9057,1566,14779
1752310575897755442,0,-16961,-4116,11905,9187,-4084,-9057,1566,14779
1752310575917844217,0,-16977,-4116,11905,9171,-4084,-9057,1566,14779
1752310575937721348,0,-16993,-4116,11905,9155,-4084,-9057,1566,14779
1752310575957848625,0,-17009,-4116,11905,9139,-4084,-9057,1566,14779
1752310575977773580,0,-17025,-4116,11905,9123,-4084,-9057,1566,14779
1752310575997866089,0,-17041,-4116,11905,9107,-4084,-9057,1566,14779
1752310576017860842,0,-17057,-4116,11905,9091,-4084,-9057,1566,14779
1752310576037773888,0,-17073,-4116,11905,9075,-4084,-9057,1566,14779
1752310576057715233,0,-17089,-4116,11905,9059,-4084,-9057,1566,14779
1752310576077700177,0,-17105,-4116,11905,9043,-4084,-9057,1566,14779
1752310576097680581,0,-17121,-4116,11905,9027,-4084,-9057,1566,14779
1752310576117638782,0,-17137,-4116,11905,9011,-4084,-9057,1566,14779
1752310576137825308,0,-17153,-4116,11905,8995,-4084,-9057,1566,14779
1752310576157824812,0,-17169,-4116,11905,8979,-4084,-9057,1566,14779
1752310576177844022,0,-17185,-4116,11905,8963,-4084,-9057,1566,14779
1752310576197717873,0,-17201,-4116,11905,8947,-4084,-9057,1566,14779
1752310576217597103,0,-17217,-4116,11905,8931,-4084,-9057,1566,14779
1752310576237600777,0,-17233,-4116,11905,8915,-4084,-9057,1566,14779
1752310576257618821,0,-17249,-4116,11905,8899,-4084,-9057,1566,14779
1752310576277760143,0,-17265,-4116,11905,8883,-4084,-9057,1566,14779
1752310576297696268,0,-17281,-4116,11905,8867,-4084,-9057,1566,14779
1752310576317662816,0,-17297,-4116,11905,8851,-4084,-9057,1566,14779
1752310576337667263,0,-17313,-4116,11905,8835,-4084,-9057,1566,14779
1752310576357727126,0,-17329,-4116,11905,8819,-4084,-9057,1566,14779
1752310576377711345,0,-17345,-4116,11905,8803,-4084,-9057,1566,14779
1752310576397781508,0,-17361,-4116,11905,8787,-4084,-9057,1566,14779
1752310576417734904,0,-17377,-4116,11905,8771,-4084,-9057,1566,14779
1752310576437735876,0,-17393,-4116,11905,8755,-4084,-9057,1566,14779
1752310576457677394,0,-17409,-4116,11905,8739,-4084,-9057,1566,14779
1752310576477749739,0,-17425,-4116,11905,8723,-4084,-9057,1566,14779
1752310576497701348,0,-17441,-4116,11905,8707,-4084,-9057,1566,14779
1752310576517855636,0,-17457,-4116,11905,8691,-4084,-9057,1566,14779
1752310576537832447,0,-17473,-4116,11905,8675,-4084,-9057,1566,14779
1752310576557730923,0,-17489,-4116,11905,8659,-4084,-9057,1566,14779
1752310576577741118,0,-17505,-4116,11905,8643,-4084,-9057,1566,14779
1752310576597788249,0,-17521,-4116,11905,8627,-4084,-9057,1566,14779
1752310576617677968,0,-17537,-4116,11905,8611,-4084,-9057,1566,14779
1752310576637784783,0,-17553,-4116,11905,8595,-4084,-9057,1566,14779
1752310576657701483,0,-17569,-4116,11905,8579,-4084,-9057,1566,14779
1752310576677693044,0,-17585,-4116,11905,8563,-4084,-9057,1566,14779
1752310576697661635,0,-17601,-4116,11905,8547,-4084,-9057,1566,14779
1752310576717749759,0,-17617,-4116,11905,8531,-4084,-9057,1566,14779
1752310576737892622,0,-17633,-4116,11905,8515,-4084,-9057,1566,14779
1752310576757711897,0,-17649,-4116,11905,8499,-4084,-9057,1566,14779
1752310576777891115,0,-17665,-4116,11905,8483,-4084,-9057,1566,14779
1752310576797764616,0,-17680,-4116,11905,8468,-4084,-9057,1566,14779
1752310576817749609,0,-17689,-4116,11905,8459,-4084,-9057,1566,14779
1752310576837700742,0,-17690,-4116,11905,8458,-4084,-9057,1566,14779
1752310576857865656,0,-17690,-4116,11905,8458,-4084,-9057,1566,14779
1752310576877829415,0,-17690,-4116,11905,8458,-4084,-9057,1566,14779
1752310576897732110,0,-17690,-4116,11905,8458,-4084,-9057,1566,14779
1752310576917763105,0,-17690,-4116,11905,8458,-4084,-9057,1566,14779
1752310576937904648,0,-17690,-4116,11905,8458,-4084,-9057,1566,14779
1752310576957794447,0,-17690,-4116,11905,8458,-4084,-9057,1566,14779
1752310576977934625,0,-17690,-4116,11905,8458,-4084,-9057,1566,14779
1752310576997760606,0,-17690,-4116,11905,8458,-4084,-9057,1566,14779
1752310577017795203,0,-17690,-4116,11905,8458,-4084,-9057,1566,14779
1752310577037779309,0,-17690,-4116,11905,8458,-4084,-9057,1566,14779
1752310577057808941,0,-17690,-4116,11905,8458,-4084,-9057,1566,14779
1752310577077741754,0,-17690,-4116,11905,8458,-4084,-9057,1566,14779
1752310577097756561,0,-17690,-4116,11905,8458,-4084,-9057,1566,14779
1752310577117843847,0,-17690,-4116,11905,8458,-4084,-9057,1566,14779
1752310577137857593,0,-17690,-4116,11905,8458,-4084,-9057,1566,14779
1752310577157815292,0,-17690,-4116,11905,8458,-4084,-9057,1566,14779
1752310577177811465,0,-17690,-4116,11905,8458,-4084,-9057,1566,14779
1752310577197688573,0,-17690,-4116,11905,8458,-4084,-9057,1566,14779
1752310577217728892,0,-17690,-4116,11905,8458,-4084,-9057,1566,14779
1752310577238025712,0,-17690,-4116,11905,8458,-4084,-9057,1566,14779
1752310577257880987,0,-17690,-4116,11905,8458,-4084,-9057,1566,14779
1752310577277973968,0,-17690,-4116,11905,8458,-4084,-9057,1566,14779
1752310577297960140,0,-17690,-4116,11905,8458,-4084,-9057,1566,14779
1752310577317773196,0,-17690,-4116,11905,8458,-4084,-9057,1566,14779
1752310577337845298,0,-17690,-4116,11905,8458,-4084,-9057,1566,14779
1752310577357901951,0,-17690,-4116,11905,8458,-4084,-9057,1566,14779
1752310577377901662,0,-17690,-4116,11905,8458,-4084,-9057,1566,14779
1752310577397866119,0,-17690,-4116,11905,8458,-4084,-9057,1566,14779
1752310577417643077,0,-17690,-4116,11905,8458,-4084,-9057,1566,14779
1752310577437746747,0,-17690,-4116,11905,8458,-4084,-9057,1566,14779
1752310577457927209,0,-17690,-4116,11905,8458,-4084,-9057,1566,14779
1752310577477896704,0,-17690,-4116,11905,8458,-4084,-9057,1566,14779
1752310577497900431,0,-17690,-4116,11905,8458,-4084,-9057,1566,14779
1752310577517836764,0,-17690,-4116,11905,8458,-4084,-9057,1566,14779
1752310577537872971,0,-17690,-4116,11905,8458,-4084,-9057,1566,14779
1752310577557753671,0,-17690,-4116,11905,8458,-4084,-9057,1566,14779
1752310577577780398,0,-17690,-4116,11905,8458,-4084,-9057,1566,14779
1752310577597823816,0,-17690,-4116,11905,8458,-4084,-9057,1566,14779
1752310577617691019,0,-17690,-4116,11905,8458,-4084,-9057,1566,14779
1752310577637705030,0,-17690,-4116,11905,8458,-4084,-9057,1566,14779
1752310577657740905,0,-17690,-4116,11905,8458,-4084,-9057,1566,14779
1752310577677713828,0,-17690,-4116,11905,8458,-4084,-9057,1566,14779
1752310577697768717,0,-17690,-4116,11905,8458,-4084,-9057,1566,14779
1752310577717727391,0,-17690,-4116,11905,8458,-4084,-9057,1566,14779
1752310577737841447,0,-17690,-4116,11905,8458,-4084,-9057,1566,14779
1752310577757728953,0,-17690,-4116,11905,8458,-4084,-9057,1566,14779
1752310577777744114,0,-17690,-4116,11905,8458,-4084,-9057,1566,14779
1752310577797789465,0,-17690,-4116,11905,8458,-4084,-9057,1566,14779
1752310577817814750,0,-17690,-4116,11905,8458,-4084,-9057,1566,14779
1752310577837734122,0,-17690,-4116,11905,8458,-4084,-9057,1566,14779
1752310577857789301,0,-17690,-4116,11905,8458,-4084,-9057,1566,14779
1752310577877775136,0,-17690,-4116,11905,8458,-4084,-9057,1566,14779
1752310577897671619,0,-17690,-4116,11905,8458,-4084,-9057,1566,14779
1752310577917869423,0,-17690,-4116,11905,8458,-4084,-9057,1566,14779
1752310577937635766,0,-17690,-4116,11905,8458,-4084,-9057,1566,14779
1752310577957876397,0,-17690,-4116,11905,8458,-4084,-9057,1566,14779
1752310577977610876,0,-17690,-4116,11905,8458,-4084,-9057,1566,14779
1752310577997655760,0,-17690,-4116,11905,8458,-4084,-9057,1566,14779
1752310578017736594,0,-17690,-4116,11905,8458,-4084,-9057,1566,14779
1752310578037781410,0,-17690,-4116,11905,8458,-4084,-9057,1566,14779
1752310578057798811,0,-17690,-4116,11905,8458,-4084,-9057,1566,14779
1752310578077871128,0,-17690,-4116,11905,8458,-4084,-9057,1566,14779
1752310578097716685,0,-17690,-4116,11905,8458,-4084,-9057,1566,14779
1752310578117823394,0,-17690,-4116,11905,8458,-4084,-9057,1566,14779
1752310578137862161,0,-17690,-4116,11905,8458,-4084,-9057,1566,14779
1752310578157717152,0,-17690,-4116,11905,8458,-4084,-9057,1566,14779
1752310578177655169,0,-17690,-4116,11905,8458,-4084,-9057,1566,14779
1752310578197666444,0,-17690,-4116,11905,8458,-4084,-9057,1566,14779
1752310578217837394,0,-17690,-4116,11905,8458,-4084,-9057,1566,14779
1752310578237724639,0,-17690,-4116,11905,8458,-4084,-9057,1566,14779
1752310578257687064,0,-17690,-4116,11905,8458,-4084,-9057,1566,14779
1752310578277695001,0,-17690,-4116,11905,8458,-4084,-9057,1566,14779
1752310578297710480,0,-17690,-4116,11905,8458,-4084,-9057,1566,14779
1752310578317676028,0,-17690,-4116,11905,8458,-4084,-9057,1566,14779
1752310578337713929,0,-17690,-4116,11905,8458,-4084,-9057,1566,14779
1752310578357709602,0,-17690,-4116,11905,8458,-4084,-9057,1566,14779
1752310578377744240,0,-17690,-4116,11905,8458,-4084,-9057,1566,14779
1752310578397682889,0,-17690,-4116,11905,8458,-4084,-9057,1566,14779
1752310578417877915,0,-17690,-4116,11905,8458,-4084,-9057,1566,14779
1752310578437962434,0,-17690,-4116,11905,8458,-4084,-9057,1566,14779
1752310578457883385,0,-17690,-4116,11905,8458,-4084,-9057,1566,14779
1752310578477825107,0,-17690,-4116,11905,8458,-4084,-9057,1566,14779
1752310578497782897,0,-17690,-4116,11905,8458,-4084,-9057,1566,14779
1752310578517745726,0,-17690,-4116,11905,8458,-4084,-9057,1566,14779
1752310578537743874,0,-17690,-4116,11905,8458,-4084,-9057,1566,14779
1752310578557791392,0,-17690,-4116,11905,8458,-4084,-9057,1566,14779
1752310578577820859,0,-17690,-4116,11905,8458,-4084,-9057,1566,14779
1752310578597826747,0,-17690,-4116,11905,8458,-4084,-9057,1566,14779
1752310578617813657,0,-17690,-4116,11905,8458,-4084,-9057,1566,14779
1752310578637880926,0,-17690,-4116,11905,8458,-4084,-9057,1566,14779
1752310578657802605,0,-17690,-4116,11905,8458,-4084,-9057,1566,14779
1752310578677736127,0,-17690,-4116,11905,8458,-4084,-9057,1566,14779
1752310578697719223,0,-17690,-4116,11905,8458,-4084,-9057,1566,14779
1752310578717754952,0,-17690,-4116,11905,8458,-4084,-9057,1566,14779
1752310578737740943,0,-17690,-4116,11905,8458,-4084,-9057,1566,14779
1752310578757765753,0,-17690,-4116,11905,8458,-4084,-9057,1566,14779
1752310578777790978,0,-17690,-4116,11905,8458,-4084,-9057,1566,14779
1752310578797777728,0,-17690,-4116,11905,8458,-4084,-9057,1566,14779
1752310578817721877,0,-17690,-4116,11905,8458,-4084,-9057,1566,14779
1752310578837731154,0,-17690,-4116,11905,8458,-4084,-9057,1566,14779
1752310578857755592,0,-17690,-4116,11905,8458,-4084,-9057,1566,14779
1752310578877721752,0,-17690,-4116,11905,8458,-4084,-9057,1566,14779
1752310578897820194,0,-17690,-4116,11905,8458,-4084,-9057,1566,14779
1752310578917696109,0,-17690,-4116,11905,8458,-4084,-9057,1566,14779
1752310578937660089,0,-17690,-4116,11905,8458,-4084,-9057,1566,14779
1752310578957711241,0,-17690,-4116,11905,8458,-4084,-9057,1566,14779
1752310578977785941,0,-17690,-4116,11905,8458,-4084,-9057,1566,14779
1752310578997748586,0,-17690,-4116,11905,8458,-4084,-9057,1566,14779
1752310579017770291,0,-17690,-4116,11905,8458,-4084,-9057,1566,14779
1752310579037776646,0,-17690,-4116,11905,8458,-4084,-9057,1566,14779
1752310579057741013,0,-17690,-4116,11905,8458,-4084,-9057,1566,14779
1752310579077697303,0,-17690,-4116,11905,8458,-4084,-9057,1566,14779
1752310579097814697,0,-17690,-4116,11905,8458,-4084,-9057,1566,14779
1752310579117810267,0,-17690,-4116,11905,8458,-4084,-9057,1566,14779
1752310579137769772,0,-17690,-4116,11905,8458,-4084,-9057,1566,14779
1752310579157718196,0,-17690,-4116,11905,8458,-4084,-9057,1566,14779
1752310579177812736,0,-17690,-4116,11905,8458,-4084,-9057,1566,14779
1752310579197712139,0,-17690,-4116,11905,8458,-4084,-9057,1566,14779
1752310579217801374,0,-17690,-4116,11905,8458,-4084,-9057,1566,14779
1752310579237745907,0,-17690,-4116,11905,8458,-4084,-9057,1566,14779
1752310579257705984,0,-17690,-4116,11905,8458,-4084,-9057,1566,14779
1752310579277660819,0,-17690,-4116,11905,8458,-4084,-9057,1566,14779
1752310579297721572,0,-17690,-4116,11905,8458,-4084,-9057,1566,14779
1752310579317658321,0,-17690,-4116,11905,8458,-4084,-9057,1566,14779
1752310579337746933,0,-17690,-4116,11905,8458,-4084,-9057,1566,14779
1752310579357701857,0,-17690,-4116,11905,8458,-4084,-9057,1566,14779
1752310579377705669,0,-17690,-4116,11905,8458,-4084,-9057,1566,14779
1752310579397765095,0,-17690,-4116,11905,8458,-4084,-9057,1566,14779
1752310579417754287,0,-17690,-4116,11905,8458,-4084,-9057,1566,14779
1752310579437644383,0,-17690,-4116,11905,8458,-4084,-9057,1566,14779
1752310579457643252,0,-17690,-4116,11905,8458,-4084,-9057,1566,14779
1752310579477692126,0,-17690,-4116,11905,8458,-4084,-9057,1566,14779
1752310579497702510,0,-17690,-4116,11905,8458,-4084,-9057,1566,14779
1752310579517695252,0,-17690,-4116,11905,8458,-4084,-9057,1566,14779
1752310579537720571,0,-17690,-4116,11905,8458,-4084,-9057,1566,14779
1752310579557698718,0,-17690,-4116,11905,8458,-4084,-9057,1566,14779
1752310579577709747,0,-17690,-4116,11905,8458,-4084,-9057,1566,14779
1752310579597714170,0,-17690,-4116,11905,8458,-4084,-9057,1566,14779
1752310579617789116,0,-17690,-4116,11905,8458,-4084,-9057,1566,14779
1752310579637820697,0,-17690,-4116,11905,8458,-4084,-9057,1566,14779
1752310579657879496,0,-17690,-4116,11905,8458,-4084,-9057,1566,14779
1752310579677771180,0,-17690,-4116,11905,8458,-4084,-9057,1566,14779
1752310579697765243,0,-17690,-4116,11905,8458,-4084,-9057,1566,14779
1752310579717918981,0,-17690,-4116,11905,8458,-4084,-9057,1566,14779
1752310579737743856,0,-17690,-4116,11905,8458,-4084,-9057,1566,14779
1752310579757764511,0,-17690,-4116,11905,8458,-4084,-9057,1566,14779
1752310579777855264,0,-17690,-4116,11905,8458,-4084,-9057,1566,14779
1752310579797771850,0,-17690,-4116,11905,8458,-4084,-9057,1566,14779
1752310579817893556,0,-17690,-4116,11905,8458,-4084,-9057,1566,14779
1752310579837721322,0,-17690,-4116,11905,8458,-4084,-9057,1566,14779
1752310579857762117,0,-17690,-4116,11905,8458,-4084,-9057,1566,14779
1752310579877743845,0,-17690,-4116,11905,8458,-4084,-9057,1566,14779
1752310579897838476,0,-17690,-4116,11905,8458,-4084,-9057,1566,14779
1752310579917676246,0,-17690,-4116,11905,8458,-4084,-9057,1566,14779
1752310579937762328,0,-17690,-4116,11905,8458,-4084,-9057,1566,14779
1752310579957831220,0,-17690,-4116,11905,8458,-4084,-9057,1566,14779
1752310579977738661,0,-17690,-4116,11905,8458,-4084,-9057,1566,14779
1752310579997752888,0,-17690,-4116,11905,8458,-4084,-9057,1566,14779
1752310580017807543,0,-17690,-4116,11905,8458,-4084,-9057,1566,14779
1752310580037820331,0,-17690,-4116,11905,8458,-4084,-9057,1566,14779
1752310580057721338,0,-17690,-4116,11905,8458,-4084,-9057,1566,14779
1752310580077668475,0,-17690,-4116,11905,8458,-4084,-9057,1566,14779
1752310580097694510,0,-17690,-4116,11905,8458,-4084,-9057,1566,14779
1752310580117715080,0,-17690,-4116,11905,8458,-4084,-9057,1566,14779
1752310580137761778,0,-17690,-4116,11905,8458,-4084,-9057,1566,14779
1752310580157770637,0,-17690,-4116,11905,8458,-4084,-9057,1566,14779
1752310580177752435,0,-17690,-4116,11905,8458,-4084,-9057,1566,14779
1752310580197745706,0,-17690,-4116,11905,8458,-4084,-9057,1566,14779
1752310580217710694,0,-17690,-4116,11905,8458,-4084,-9057,1566,14779
1752310580237746332,0,-17690,-4116,11905,8458,-4084,-9057,1566,14779
1752310580257742536,0,-17690,-4116,11905,8458,-4084,-9057,1566,14779
1752310580277777252,0,-17690,-4116,11905,8458,-4084,-9057,1566,14779
1752310580297744086,0,-17690,-4116,11905,8458,-4084,-9057,1566,14779
1752310580317856022,0,-17690,-4116,11905,8458,-4084,-9057,1566,14779
1752310580337707714,0,-17690,-4116,11905,8458,-4084,-9057,1566,14779
1752310580357720825,0,-17690,-4116,11905,8458,-4084,-9057,1566,14779
1752310580377707986,0,-17690,-4116,11905,8458,-4084,-9057,1566,14779
1752310580397759998,0,-17690,-4116,11905,8458,-4084,-9057,1566,14779
1752310580417729715,0,-17690,-4116,11905,8458,-4084,-9057,1566,14779
1752310580437720910,0,-17690,-4116,11905,8458,-4084,-9057,1566,14779
1752310580457781726,0,-17690,-4116,11905,8458,-4084,-9057,1566,14779
1752310580477827316,0,-17690,-4116,11905,8458,-4084,-9057,1566,14779
1752310580497845540,0,-17690,-4116,11905,8458,-4084,-9057,1566,14779
1752310580517765830,0,-17690,-4116,11905,8458,-4084,-9057,1566,14779
1752310580537746531,0,-17690,-4116,11905,8458,-4084,-9057,1566,14779
1752310580557729685,0,-17690,-4116,11905,8458,-4084,-9057,1566,14779
1752310580577721082,0,-17690,-4116,11905,8458,-4084,-9057,1566,14779
1752310580597715356,0,-17690,-4116,11905,8458,-4084,-9057,1566,14779
1752310580617673505,0,-17690,-4116,11905,8458,-4084,-9057,1566,14779
1752310580637667877,0,-17690,-4116,11905,8458,-4084,-9057,1566,14779
1752310580657762307,0,-17690,-4116,11905,8458,-4084,-9057,1566,14779
1752310580677774948,0,-17690,-4116,11905,8458,-4084,-9057,1566,14779
1752310580697781094,0,-17690,-4116,11905,8458,-4084,-9057,1566,14779
1752310580717685352,0,-17690,-4116,11905,8458,-4084,-9057,1566,14779
1752310580737643088,0,-17690,-4116,11905,8458,-4084,-9057,1566,14779
1752310580757729837,0,-17690,-4116,11905,8458,-4084,-9057,1566,14779
1752310580777803609,0,-17690,-4116,11905,8458,-4084,-9057,1566,14779
1752310580797723847,0,-17690,-4116,11905,8458,-4084,-9057,1566,14779
1752310580817699451,0,-17690,-4116,11905,8458,-4084,-9057,1566,14779
1752310580837753743,0,-17690,-4116,11905,8458,-4084,-9057,1566,14779
1752310580857783061,0,-17690,-4116,11905,8458,-4084,-9057,1566,14779
1752310580877791290,0,-17690,-4116,11905,8458,-4084,-9057,1566,14779
1752310580897756410,0,-17690,-4116,11905,8458,-4084,-9057,1566,14779
1752310580917790973,0,-17690,-4116,11905,8458,-4084,-9057,1566,14779
1752310580937693671,0,-17690,-4116,11905,8458,-4084,-9057,1566,14779
1752310580957856957,0,-17690,-4116,11905,8458,-4084,-9057,1566,14779
1752310580977765512,0,-17690,-4116,11905,8458,-4084,-9057,1566,14779
1752310580997704795,0,-17690,-4116,11905,8458,-4084,-9057,1566,14779
1752310581017713513,0,-17690,-4116,11905,8458,-4084,-9057,1566,14779
1752310581037772375,0,-17690,-4116,11905,8458,-4084,-9057,1566,14779
1752310581057737123,0,-17690,-4116,11905,8458,-4084,-9057,1566,14779
1752310581077645691,0,-17690,-4116,11905,8458,-4084,-9057,1566,14779
1752310581097695343,0,-17690,-4116,11905,8458,-4084,-9057,1566,14779
1752310581117750654,0,-17690,-4116,11905,8458,-4084,-9057,1566,14779
1752310581137784776,0,-17690,-4116,11905,8458,-4084,-9057,1566,14779
1752310581157684541,0,-17690,-4116,11905,8458,-4084,-9057,1566,14779
1752310581177690532,0,-17690,-4116,11905,8458,-4084,-9057,1566,14779
1752310581197754926,0,-17690,-4116,11905,8458,-4084,-9057,1566,14779
1752310581217738199,0,-17690,-4116,11905,8458,-4084,-9057,1566,14779
1752310581237707635,0,-17690,-4116,11905,8458,-4084,-9057,1566,14779
1752310581257738714,0,-17690,-4116,11905,8458,-4084,-9057,1566,14779
1752310581277726091,0,-17690,-4116,11905,8458,-4084,-9057,1566,14779
1752310581297715339,0,-17685,-4116,11905,8463,-4084,-9057,1566,14779
1752310581317978411,0,-17672,-4116,11905,8476,-4084,-9057,1566,14779
1752310581337745498,0,-17656,-4116,11905,8492,-4084,-9057,1566,14779
1752310581357727229,0,-17640,-4116,11905,8508,-4084,-9057,1566,14779
1752310581377726644,0,-17624,-4116,11905,8524,-4084,-9057,1566,14779
1752310581397712508,0,-17608,-4116,11905,8540,-4084,-9057,1566,14779
1752310581417764499,0,-17592,-4116,11905,8556,-4084,-9057,1566,14779
1752310581437752651,0,-17576,-4116,11905,8572,-4084,-9057,1566,14779
1752310581457767953,0,-17560,-4116,11905,8588,-4084,-9057,1566,14779
1752310581477692056,0,-17544,-4116,11905,8604,-4084,-9057,1566,14779
1752310581497645963,0,-17528,-4116,11905,8620,-4084,-9057,1566,14779
1752310581517848999,0,-17512,-4116,11905,8636,-4084,-9057,1566,14779
1752310581537857243,0,-17496,-4116,11905,8652,-4084,-9057,1566,14779
1752310581557705524,0,-17480,-4116,11905,8668,-4084,-9057,1566,14779
1752310581577906502,0,-17464,-4116,11905,8684,-4084,-9057,1566,14779
1752310581597742537,0,-17448,-4116,11905,8700,-4084,-9057,1566,14779
1752310581617810656,0,-17432,-4116,11905,8716,-4084,-9057,1566,14779
1752310581637857177,0,-17416,-4116,11905,8732,-4084,-9057,1566,14779
1752310581657720213,0,-17400,-4116,11905,8748,-4084,-9057,1566,14779
1752310581677681447,0,-17384,-4116,11905,8764,-4084,-9057,1566,14779
1752310581697714806,0,-17368,-4116,11905,8780,-4084,-9057,1566,14779
1752310581717658528,0,-17352,-4116,11905,8796,-4084,-9057,1566,14779
1752310581737753594,0,-17336,-4116,11905,8812,-4084,-9057,1566,14779
1752310581757762982,0,-17320,-4116,11905,8828,-4084,-9057,1566,14779
1752310581777740620,0,-17304,-4116,11905,8844,-4084,-9057,1566,14779
1752310581797743741,0,-17288,-4116,11905,8860,-4084,-9057,1566,14779
1752310581817705937,0,-17272,-4116,11905,8876,-4084,-9057,1566,14779
1752310581837714174,0,-17256,-4116,11905,8892,-4084,-9057,1566,14779
1752310581857758571,0,-17240,-4116,11905,8908,-4084,-9057,1566,14779
1752310581877780942,0,-17224,-4116,11905,8924,-4084,-9057,1566,14779
1752310581897760992,0,-17208,-4116,11905,8940,-4084,-9057,1566,14779
1752310581917727274,0,-17192,-4116,11905,8956,-4084,-9057,1566,14779
1752310581937689856,0,-17176,-4116,11905,8972,-4084,-9057,1566,14779
1752310581957813556,0,-17160,-4116,11905,8988,-4084,-9057,1566,14779
1752310581977710867,0,-17144,-4116,11905,9004,-4084,-9057,1566,14779
1752310581998000056,0,-17128,-4116,11905,9020,-4084,-9057,1566,14779
1752310582017744563,0,-17112,-4116,11905,9036,-4084,-9057,1566,14779
1752310582037798140,0,-17096,-4116,11905,9052,-4084,-9057,1566,14779
1752310582057930841,0,-17080,-4116,11905,9068,-4084,-9057,1566,14779
1752310582077824205,0,-17064,-4116,11905,9084,-4084,-9057,1566,14779
1752310582097786207,0,-17048,-4116,11905,9100,-4084,-9057,1566,14779
1752310582117771540,0,-17032,-4116,11905,9116,-4084,-9057,1566,14779
1752310582137748516,0,-17016,-4116,11905,9132,-4084,-9057,1566,14779
1752310582157774258,0,-17000,-4116,11905,9148,-4084,-9057,1566,14779
1752310582177779589,0,-16984,-4116,11905,9164,-4084,-9057,1566,14779
1752310582197777688,0,-16968,-4116,11905,9180,-4084,-9057,1566,14779
1752310582217745600,0,-16952,-4116,11905,9196,-4084,-9057,1566,14779
1752310582237782362,0,-16936,-4116,11905,9212,-4084,-9057,1566,14779
1752310582257855132,0,-16920,-4116,11905,9228,-4084,-9057,1566,14779
1752310582277811471,0,-16904,-4116,11905,9244,-4084,-9057,1566,14779
1752310582297759819,0,-16888,-4116,11905,9260,-4084,-9057,1566,14779
1752310582317814131,0,-16872,-4116,11905,9276,-4084,-9057,1566,14779
1752310582337858091,0,-16856,-4116,11905,9292,-4084,-9057,1566,14779
1752310582357758230,0,-16840,-4116,11905,9308,-4084,-9057,1566,14779
1752310582377757926,0,-16824,-4116,11905,9324,-4084,-9057,1566,14779
1752310582397749070,0,-16808,-4116,11905,9340,-4084,-9057,1566,14779
1752310582417818389,0,-16792,-4116,11905,9356,-4084,-9057,1566,14779
1752310582437805362,0,-16776,-4116,11905,9372,-4084,-9057,1566,14779
1752310582457762868,0,-16760,-4116,11905,9388,-4084,-9057,1566,14779
1752310582477825495,0,-16744,-4116,11905,9404,-4084,-9057,1566,14779
1752310582497682225,0,-16728,-4116,11905,9420,-4084,-9057,1566,14779
1752310582517693751,0,-16712,-4116,11905,9436,-4084,-9057,1566,14779
1752310582537725107,0,-16696,-4116,11905,9452,-4084,-9057,1566,14779
1752310582557753241,0,-16680,-4116,11905,9468,-4084,-9057,1566,14779
1752310582577819388,0,-16664,-4116,11905,9484,-4084,-9057,1566,14779
1752310582597708307,0,-16648,-4116,11905,9500,-4084,-9057,1566,14779
1752310582617629332,0,-16632,-4116,11905,9516,-4084,-9057,1566,14779
1752310582637634438,0,-16616,-4116,11905,9532,-4084,-9057,1566,14779
1752310582657711504,0,-16600,-4116,11905,9548,-4084,-9057,1566,14779
1752310582677920836,0,-16584,-4116,11905,9564,-4084,-9057,1566,14779
1752310582697702896,0,-16568,-4116,11905,9580,-4084,-9057,1566,14779
1752310582717792493,0,-16552,-4116,11905,9596,-4084,-9057,1566,14779
1752310582737740237,0,-16536,-4116,11905,9612,-4084,-9057,1566,14779
1752310582757774074,0,-16520,-4116,11905,9628,-4084,-9057,1566,14779
1752310582777655597,0,-16504,-4116,11905,9644,-4084,-9057,1566,14779
1752310582797716188,0,-16488,-4116,11905,9660,-4084,-9057,1566,14779
1752310582817746501,0,-16472,-4116,11905,9676,-4084,-9057,1566,14779
1752310582837729019,0,-16456,-4116,11905,9692,-4084,-9057,1566,14779
1752310582857854676,0,-16440,-4116,11905,9708,-4084,-9057,1566,14779
1752310582877752418,0,-16424,-4116,11905,9724,-4084,-9057,1566,14779
1752310582897643518,0,-16408,-4116,11905,9740,-4084,-9057,1566,14779
1752310582917663358,0,-16392,-4116,11905,9756,-4084,-9057,1566,14779
1752310582937774078,0,-16376,-4116,11905,9772,-4084,-9057,1566,14779
1752310582957789921,0,-16360,-4116,11905,9788,-4084,-9057,1566,14779
1752310582977808430,0,-16344,-4116,11905,9804,-4084,-9057,1566,14779
1752310582997786677,0,-16328,-4116,11905,9820,-4084,-9057,1566,14779
1752310583017756922,0,-16312,-4116,11905,9836,-4084,-9057,1566,14779
1752310583037696341,0,-16296,-4116,11905,9852,-4084,-9057,1566,14779
1752310583057787860,0,-16280,-4116,11905,9868,-4084,-9057,1566,14779
1752310583077824953,0,-16264,-4116,11905,9884,-4084,-9057,1566,14779
1752310583097792683,0,-16248,-4116,11905,9900,-4084,-9057,1566,14779
1752310583117696034,0,-16232,-4116,11905,9916,-4084,-9057,1566,14779
1752310583137718520,0,-16216,-4116,11905,9932,-4084,-9057,1566,14779
1752310583157645256,0,-16200,-4116,11905,9948,-4084,-9057,1566,14779
1752310583177867961,0,-16184,-4116,11905,9964,-4084,-9057,1566,14779
1752310583197823784,0,-16168,-4116,11905,9980,-4084,-9057,1566,14779
1752310583217736714,0,-16152,-4116,11905,9996,-4084,-9057,1566,14779
1752310583237772482,0,-16136,-4116,11905,10012,-4084,-9057,1566,14779
1752310583257735305,0,-16120,-4116,11905,10028,-4084,-9057,1566,14779
1752310583277784015,0,-16104,-4116,11905,10044,-4084,-9057,1566,14779
1752310583297833149,0,-16088,-4116,11905,10060,-4084,-9057,1566,14779
1752310583317863246,0,-16072,-4116,11905,10076,-4084,-9057,1566,14779
1752310583337820089,0,-16056,-4116,11905,10092,-4084,-9057,1566,14779
1752310583357807690,0,-16040,-4116,11905,10108,-4084,-9057,1566,14779
1752310583377662077,0,-16024,-4116,11905,10124,-4084,-9057,1566,14779
1752310583397694224,0,-16008,-4116,11905,10140,-4084,-9057,1566,14779
1752310583417787551,0,-15992,-4116,11905,10156,-4084,-9057,1566,14779
1752310583437675979,0,-15976,-4116,11905,10172,-4084,-9057,1566,14779
1752310583457690839,0,-15960,-4116,11905,10188,-4084,-9057,1566,14779
1752310583477722221,0,-15944,-4116,11905,10204,-4084,-9057,1566,14779
1752310583497611967,0,-15928,-4116,11905,10220,-4084,-9057,1566,14779
1752310583517601143,0,-15912,-4116,11905,10236,-4084,-9057,1566,14779
1752310583537660335,0,-15896,-4116,11905,10252,-4084,-9057,1566,14779
1752310583557745172,0,-15880,-4116,11905,10268,-4084,-9057,1566,14779
1752310583577724839,0,-15864,-4116,11905,10284,-4084,-9057,1566,14779
1752310583597730421,0,-15848,-4116,11905,10300,-4084,-9057,1566,14779
1752310583617783627,0,-15832,-4116,11905,10316,-4084,-9057,1566,14779
1752310583637680828,0,-15816,-4116,11905,10332,-4084,-9057,1566,14779
1752310583657750931,0,-15800,-4116,11905,10348,-4084,-9057,1566,14779
1752310583677694837,0,-15784,-4116,11905,10364,-4084,-9057,1566,14779
1752310583697777420,0,-15768,-4116,11905,10380,-4084,-9057,1566,14779
1752310583717699503,0,-15752,-4116,11905,10396,-4084,-9057,1566,14779
1752310583737700219,0,-15736,-4116,11905,10412,-4084,-9057,1566,14779
1752310583757779444,0,-15720,-4116,11905,10428,-4084,-9057,1566,14779
1752310583777680507,0,-15704,-4116,11905,10444,-4084,-9057,1566,14779
1752310583797843517,0,-15688,-4116,11905,10460,-4084,-9057,1566,14779
1752310583817798077,0,-15672,-4116,11905,10476,-4084,-9057,1566,14779
1752310583837744958,0,-15656,-4116,11905,10492,-4084,-9057,1566,14779
1752310583857725642,0,-15640,-4116,11905,10508,-4084,-9057,1566,14779
1752310583877638471,0,-15624,-4116,11905,10524,-4084,-9057,1566,14779
1752310583897752263,0,-15608,-4116,11905,10540,-4084,-9057,1566,14779
1752310583917818119,0,-15592,-4116,11905,10556,-4084,-9057,1566,14779
1752310583937725806,0,-15576,-4116,11905,10572,-4084,-9057,1566,14779
1752310583957590237,0,-15560,-4116,11905,10588,-4084,-9057,1566,14779
1752310583977777784,0,-15544,-4116,11905,10604,-4084,-9057,1566,14779
1752310583997765026,0,-15528,-4116,11905,10620,-4084,-9057,1566,14779
1752310584017853357,0,-15512,-4116,11905,10636,-4084,-9057,1566,14779
1752310584037851358,0,-15496,-4116,11905,10652,-4084,-9057,1566,14779
1752310584057723689,0,-15480,-4116,11905,10668,-4084,-9057,1566,14779
1752310584077700209,0,-15464,-4116,11905,10684,-4084,-9057,1566,14779
1752310584097881976,0,-15448,-4116,11905,10700,-4084,-9057,1566,14779
1752310584117714304,0,-15432,-4116,11905,10716,-4084,-9057,1566,14779
1752310584137776409,0,-15416,-4116,11905,10732,-4084,-9057,1566,14779
1752310584157799655,0,-15400,-4116,11905,10748,-4084,-9057,1566,14779
1752310584177734494,0,-15384,-4116,11905,10764,-4084,-9057,1566,14779
1752310584197775270,0,-15368,-4116,11905,10780,-4084,-9057,1566,14779
1752310584217745110,0,-15352,-4116,11905,10796,-4084,-9057,1566,14779
1752310584237858714,0,-15336,-4116,11905,10812,-4084,-9057,1566,14779
1752310584257839064,0,-15320,-4116,11905,10828,-4084,-9057,1566,14779
1752310584277813681,0,-15304,-4116,11905,10844,-4084,-9057,1566,14779
1752310584297855426,0,-15288,-4116,11905,10860,-4084,-9057,1566,14779
1752310584317813759,0,-15272,-4116,11905,10876,-4084,-9057,1566,14779
1752310584337764456,0,-15256,-4116,11905,10892,-4084,-9057,1566,14779
1752310584357770986,0,-15240,-4116,11905,10908,-4084,-9057,1566,14779
1752310584377863922,0,-15224,-4116,11905,10924,-4084,-9057,1566,14779
1752310584397840000,0,-15208,-4116,11905,10940,-4084,-9057,1566,14779
1752310584417757467,0,-15192,-4116,11905,10956,-4084,-9057,1566,14779
1752310584437721048,0,-15176,-4116,11905,10972,-4084,-9057,1566,14779
1752310584457780506,0,-15160,-4116,11905,10988,-4084,-9057,1566,14779
1752310584477781058,0,-15144,-4116,11905,11004,-4084,-9057,1566,14779
1752310584497725574,0,-15128,-4116,11905,11020,-4084,-9057,1566,14779
1752310584517707548,0,-15112,-4116,11905,11036,-4084,-9057,1566,14779
1752310584537710823,0,-15096,-4116,11905,11052,-4084,-9057,1566,14779
1752310584557683503,0,-15080,-4116,11905,11068,-4084,-9057,1566,14779
1752310584577743837,0,-15064,-4116,11905,11084,-4084,-9057,1566,14779
1752310584597706481,0,-15048,-4116,11905,11100,-4084,-9057,1566,14779
1752310584617730358,0,-15032,-4116,11905,11116,-4084,-9057,1566,14779
1752310584637741427,0,-15016,-4116,11905,11132,-4084,-9057,1566,14779
1752310584657806088,0,-15000,-4116,11905,11148,-4084,-9057,1566,14779
1752310584677736606,0,-14984,-4116,11905,11164,-4084,-9057,1566,14779
1752310584697841788,0,-14968,-4116,11905,11180,-4084,-9057,1566,14779
1752310584717785851,0,-14952,-4116,11905,11196,-4084,-9057,1566,14779
1752310584737735802,0,-14936,-4116,11905,11212,-4084,-9057,1566,14779
1752310584757687427,0,-14920,-4116,11905,11228,-4084,-9057,1566,14779
1752310584777764043,0,-14904,-4116,11905,11244,-4084,-9057,1566,14779
1752310584797762783,0,-14888,-4116,11905,11260,-4084,-9057,1566,14779
1752310584817706019,0,-14872,-4116,11905,11276,-4084,-9057,1566,14779
1752310584837703126,0,-14856,-4116,11905,11292,-4084,-9057,1566,14779
1752310584857832257,0,-14840,-4116,11905,11308,-4084,-9057,1566,14779
1752310584877769955,0,-14824,-4116,11905,11324,-4084,-9057,1566,14779
1752310584897757990,0,-14808,-4116,11905,11340,-4084,-9057,1566,14779
1752310584917766476,0,-14792,-4116,11905,11356,-4084,-9057,1566,14779
1752310584937746885,0,-14776,-4116,11905,11372,-4084,-9057,1566,14779
1752310584957739549,0,-14760,-4116,11905,11388,-4084,-9057,1566,14779
1752310584977771953,0,-14744,-4116,11905,11404,-4084,-9057,1566,14779
1752310584997780053,0,-14728,-4116,11905,11420,-4084,-9057,1566,14779
1752310585017744223,0,-14712,-4116,11905,11436,-4084,-9057,1566,14779
1752310585037805086,0,-14696,-4116,11905,11452,-4084,-9057,1566,14779
1752310585057719002,0,-14680,-4116,11905,11468,-4084,-9057,1566,14779
1752310585077738014,0,-14664,-4116,11905,11484,-4084,-9057,1566,14779
1752310585097653747,0,-14648,-4116,11905,11500,-4084,-9057,1566,14779
1752310585117716772,0,-14632,-4116,11905,11516,-4084,-9057,1566,14779
1752310585137771009,0,-14616,-4116,11905,11532,-4084,-9057,1566,14779
1752310585157657062,0,-14600,-4116,11905,11548,-4084,-9057,1566,14779
1752310585177679064,0,-14584,-4116,11905,11564,-4084,-9057,1566,14779
1752310585197808178,0,-14568,-4116,11905,11580,-4084,-9057,1566,14779
1752310585217694434,0,-14552,-4116,11905,11596,-4084,-9057,1566,14779
1752310585237734975,0,-14536,-4116,11905,11612,-4084,-9057,1566,14779
1752310585257740604,0,-14520,-4116,11905,11628,-4084,-9057,1566,14779
1752310585277732017,0,-14504,-4116,11905,11644,-4084,-9057,1566,14779
1752310585297661664,0,-14488,-4116,11905,11660,-4084,-9057,1566,14779
1752310585317766402,0,-14472,-4116,11905,11676,-4084,-9057,1566,14779
1752310585337762009,0,-14456,-4116,11905,11692,-4084,-9057,1566,14779
1752310585357787076,0,-14443,-4116,11905,11705,-4084,-9057,1566,14779
1752310585377727111,0,-14435,-4116,11905,11713,-4084,-9057,1566,14779
1752310585397742909,0,-14435,-4116,11905,11713,-4084,-9057,1566,14779
1752310585417735555,0,-14435,-4116,11905,11713,-4084,-9057,1566,14779
1752310585437747025,0,-14435,-4116,11905,11713,-4084,-9057,1566,14779
1752310585457729925,0,-14435,-4116,11905,11713,-4084,-9057,1566,14779
1752310585477740696,0,-14435,-4116,11905,11713,-4084,-9057,1566,14779
1752310585497696568,0,-14435,-4116,11905,11713,-4084,-9057,1566,14779
1752310585517760501,0,-14435,-4116,11905,11713,-4084,-9057,1566,14779
1752310585537729071,0,-14435,-4116,11905,11713,-4084,-9057,1566,14779
1752310585557636616,0,-14435,-4116,11905,11713,-4084,-9057,1566,14779
1752310585577700476,0,-14435,-4116,11905,11713,-4084,-9057,1566,14779
1752310585597771692,0,-14435,-4116,11905,11713,-4084,-9057,1566,14779
1752310585617796946,0,-14435,-4116,11905,11713,-4084,-9057,1566,14779
1752310585637790118,0,-14435,-4116,11905,11713,-4084,-9057,1566,14779
1752310585657818153,0,-14435,-4116,11905,11713,-4084,-9057,1566,14779
1752310585677753124,0,-14435,-4116,11905,11713,-4084,-9057,1566,14779
1752310585697844053,0,-14435,-4116,11905,11713,-4084,-9057,1566,14779
1752310585717880624,0,-14435,-4116,11905,11713,-4084,-9057,1566,14779
1752310585737793386,0,-14435,-4116,11905,11713,-4084,-9057,1566,14779
1752310585757688344,0,-14435,-4116,11905,11713,-4084,-9057,1566,14779
1752310585777875308,0,-14435,-4116,11905,11713,-4084,-9057,1566,14779
1752310585797888667,0,-14435,-4116,11905,11713,-4084,-9057,1566,14779
1752310585817695248,0,-14435,-4116,11905,11713,-4084,-9057,1566,14779
1752310585837805887,0,-14435,-4116,11905,11713,-4084,-9057,1566,14779
1752310585857781814,0,-14435,-4116,11905,11713,-4084,-9057,1566,14779
1752310585877812370,0,-14435,-4116,11905,11713,-4084,-9057,1566,14779
1752310585897711638,0,-14435,-4116,11905,11713,-4084,-9057,1566,14779
1752310585917942945,0,-14435,-4116,11905,11713,-4084,-9057,1566,14779
1752310585937726625,0,-14435,-4116,11905,11713,-4084,-9057,1566,14779
1752310585957847772,0,-14435,-4116,11905,11713,-4084,-9057,1566,14779
1752310585977715067,0,-14435,-4116,11905,11713,-4084,-9057,1566,14779
1752310585997709588,0,-14435,-4116,11905,11713,-4084,-9057,1566,14779
1752310586017822782,0,-14435,-4116,11905,11713,-4084,-9057,1566,14779
1752310586037913639,0,-14435,-4116,11905,11713,-4084,-9057,1566,14779
1752310586057690939,0,-14435,-4116,11905,11713,-4084,-9057,1566,14779
1752310586077761915,0,-14435,-4116,11905,11713,-4084,-9057,1566,14779
1752310586097836600,0,-14435,-4116,11905,11713,-4084,-9057,1566,14779
1752310586117777751,0,-14435,-4116,11905,11713,-4084,-9057,1566,14779
1752310586137818672,0,-14435,-4116,11905,11713,-4084,-9057,1566,14779
1752310586157785298,0,-14435,-4116,11905,11713,-4084,-9057,1566,14779
1752310586177730481,0,-14435,-4116,11905,11713,-4084,-9057,1566,14779
1752310586197709737,0,-14435,-4116,11905,11713,-4084,-9057,1566,14779
1752310586217765961,0,-14435,-4116,11905,11713,-4084,-9057,1566,14779
1752310586237800188,0,-14435,-4116,11905,11713,-4084,-9057,1566,14779
1752310586257728116,0,-14435,-4116,11905,11713,-4084,-9057,1566,14779
1752310586277715676,0,-14435,-4116,11905,11713,-4084,-9057,1566,14779
1752310586297855135,0,-14435,-4116,11905,11713,-4084,-9057,1566,14779
1752310586317760674,0,-14435,-4116,11905,11713,-4084,-9057,1566,14779
1752310586337702896,0,-14435,-4116,11905,11713,-4084,-9057,1566,14779
1752310586357735643,0,-14435,-4116,11905,11713,-4084,-9057,1566,14779
1752310586377755689,0,-14435,-4116,11905,11713,-4084,-9057,1566,14779
1752310586397835158,0,-14435,-4116,11905,11713,-4084,-9057,1566,14779
1752310586417847599,0,-14435,-4116,11905,11713,-4084,-9057,1566,14779
1752310586437727598,0,-14435,-4116,11905,11713,-4084,-9057,1566,14779
1752310586457834826,0,-14435,-4116,11905,11713,-4084,-9057,1566,14779
1752310586477893798,0,-14435,-4116,11905,11713,-4084,-9057,1566,14779
1752310586497776834,0,-14435,-4116,11905,11713,-4084,-9057,1566,14779
1752310586517845410,0,-14435,-4116,11905,11713,-4084,-9057,1566,14779
1752310586537826754,0,-14435,-4116,11905,11713,-4084,-9057,1566,14779
1752310586557740976,0,-14435,-4116,11905,11713,-4084,-9057,1566,14779
1752310586577791176,0,-14435,-4116,11905,11713,-4084,-9057,1566,14779
1752310586597770936,0,-14435,-4116,11905,11713,-4084,-9057,1566,14779
1752310586617781152,0,-14435,-4116,11905,11713,-4084,-9057,1566,14779
1752310586637819814,0,-14435,-4116,11905,11713,-4084,-9057,1566,14779
1752310586657910073,0,-14435,-4116,11905,11713,-4084,-9057,1566,14779
1752310586677765192,0,-14435,-4116,11905,11713,-4084,-9057,1566,14779
1752310586697782654,0,-14435,-4116,11905,11713,-4084,-9057,1566,14779
1752310586717812623,0,-14435,-4116,11905,11713,-4084,-9057,1566,14779
1752310586737750319,0,-14435,-4116,11905,11713,-4084,-9057,1566,14779
1752310586757748474,0,-14435,-4116,11905,11713,-4084,-9057,1566,14779
1752310586777782198,0,-14435,-4116,11905,11713,-4084,-9057,1566,14779
1752310586797733607,0,-14435,-4116,11905,11713,-4084,-9057,1566,14779
1752310586817744586,0,-14435,-4116,11905,11713,-4084,-9057,1566,14779
1752310586837688085,0,-14435,-4116,11905,11713,-4084,-9057,1566,14779
1752310586857744410,0,-14435,-4116,11905,11713,-4084,-9057,1566,14779
1752310586877713878,0,-14435,-4116,11905,11713,-4084,-9057,1566,14779
1752310586897708061,0,-14435,-4116,11905,11713,-4084,-9057,1566,14779
1752310586917737587,0,-14435,-4116,11905,11713,-4084,-9057,1566,14779
1752310586937644629,0,-14435,-4116,11905,11713,-4084,-9057,1566,14779
1752310586957805337,0,-14435,-4116,11905,11713,-4084,-9057,1566,14779
1752310586977901871,0,-14435,-4116,11905,11713,-4084,-9057,1566,14779
1752310586997724465,0,-14435,-4116,11905,11713,-4084,-9057,1566,14779
1752310587017739065,0,-14435,-4116,11905,11713,-4084,-9057,1566,14779
1752310587037708565,0,-14435,-4116,11905,11713,-4084,-9057,1566,14779
1752310587057731179,0,-14435,-4116,11905,11713,-4084,-9057,1566,14779
1752310587077774618,0,-14435,-4116,11905,11713,-4084,-9057,1566,14779
1752310587097781371,0,-14435,-4116,11905,11713,-4084,-9057,1566,14779
1752310587117927765,0,-14435,-4116,11905,11713,-4084,-9057,1566,14779
1752310587137779836,0,-14435,-4116,11905,11713,-4084,-9057,1566,14779
1752310587157792397,0,-14435,-4116,11905,11713,-4084,-9057,1566,14779
1752310587177787997,0,-14435,-4116,11905,11713,-4084,-9057,1566,14779
1752310587197817805,0,-14435,-4116,11905,11713,-4084,-9057,1566,14779
1752310587217754661,0,-14435,-4116,11905,11713,-4084,-9057,1566,14779
1752310587237848904,0,-14435,-4116,11905,11713,-4084,-9057,1566,14779
1752310587257701492,0,-14435,-4116,11905,11713,-4084,-9057,1566,14779
1752310587277888646,0,-14435,-4116,11905,11713,-4084,-9057,1566,14779
1752310587297859641,0,-14435,-4116,11905,11713,-4084,-9057,1566,14779
1752310587317821540,0,-14435,-4116,11905,11713,-4084,-9057,1566,14779
1752310587337945082,0,-14435,-4116,11905,11713,-4084,-9057,1566,14779
1752310587357916775,0,-14435,-4116,11905,11713,-4084,-9057,1566,14779
1752310587377791331,0,-14435,-4116,11905,11713,-4084,-9057,1566,14779
1752310587397747361,0,-14435,-4116,11905,11713,-4084,-9057,1566,14779
1752310587417765131,0,-14435,-4116,11905,11713,-4084,-9057,1566,14779
1752310587437760518,0,-14435,-4116,11905,11713,-4084,-9057,1566,14779
1752310587457799628,0,-14435,-4116,11905,11713,-4084,-9057,1566,14779
1752310587477851436,0,-14435,-4116,11905,11713,-4084,-9057,1566,14779
1752310587497880650,0,-14435,-4116,11905,11713,-4084,-9057,1566,14779
1752310587517898926,0,-14435,-4116,11905,11713,-4084,-9057,1566,14779
1752310587537887874,0,-14435,-4116,11905,11713,-4084,-9057,1566,14779
1752310587557742968,0,-14435,-4116,11905,11713,-4084,-9057,1566,14779
1752310587577668290,0,-14435,-4116,11905,11713,-4084,-9057,1566,14779
1752310587597711546,0,-14435,-4116,11905,11713,-4084,-9057,1566,14779
1752310587617700476,0,-14435,-4116,11905,11713,-4084,-9057,1566,14779
1752310587637802030,0,-14435,-4116,11905,11713,-4084,-9057,1566,14779
1752310587657844279,0,-14435,-4116,11905,11713,-4084,-9057,1566,14779
1752310587677741847,0,-14435,-4116,11905,11713,-4084,-9057,1566,14779
1752310587697760896,0,-14435,-4116,11905,11713,-4084,-9057,1566,14779
1752310587717737118,0,-14435,-4116,11905,11713,-4084,-9057,1566,14779
1752310587737723268,0,-14435,-4116,11905,11713,-4084,-9057,1566,14779
1752310587757766831,0,-14435,-4116,11905,11713,-4084,-9057,1566,14779
1752310587777754459,0,-14435,-4116,11905,11713,-4084,-9057,1566,14779
1752310587797727166,0,-14435,-4116,11905,11713,-4084,-9057,1566,14779
1752310587817716112,0,-14435,-4116,11905,11713,-4084,-9057,1566,14779
1752310587837682531,0,-14435,-4116,11905,11713,-4084,-9057,1566,14779
1752310587857832819,0,-14435,-4116,11905,11713,-4084,-9057,1566,14779
1752310587877657563,0,-14435,-4116,11905,11713,-4084,-9057,1566,14779
1752310587897806148,0,-14435,-4116,11905,11713,-4084,-9057,1566,14779
1752310587917768392,0,-14435,-4116,11905,11713,-4084,-9057,1566,14779
1752310587937666014,0,-14435,-4116,11905,11713,-4084,-9057,1566,14779
1752310587957712209,0,-14435,-4116,11905,11713,-4084,-9057,1566,14779
1752310587977850015,0,-14435,-4116,11905,11713,-4084,-9057,1566,14779
1752310587997744159,0,-14435,-4116,11905,11713,-4084,-9057,1566,14779
1752310588017609286,0,-14435,-4116,11905,11713,-4084,-9057,1566,14779
1752310588037747198,0,-14435,-4116,11905,11713,-4084,-9057,1566,14779
1752310588057861149,0,-14435,-4116,11905,11713,-4084,-9057,1566,14779
1752310588077775932,0,-14435,-4116,11905,11713,-4084,-9057,1566,14779
1752310588097812566,0,-14435,-4116,11905,11713,-4084,-9057,1566,14779
1752310588117769276,0,-14435,-4116,11905,11713,-4084,-9057,1566,14779
1752310588137824571,0,-14435,-4116,11905,11713,-4084,-9057,1566,14779
1752310588157765927,0,-14435,-4116,11905,11713,-4084,-9057,1566,14779
1752310588177749217,0,-14435,-4116,11905,11713,-4084,-9057,1566,14779
1752310588197719508,0,-14435,-4116,11905,11713,-4084,-9057,1566,14779
1752310588217701238,0,-14435,-4116,11905,11713,-4084,-9057,1566,14779
1752310588237667941,0,-14435,-4116,11905,11713,-4084,-9057,1566,14779
1752310588257791851,0,-14435,-4116,11905,11713,-4084,-9057,1566,14779
1752310588277857228,0,-14435,-4116,11905,11713,-4084,-9057,1566,14779
1752310588297787818,0,-14435,-4116,11905,11713,-4084,-9057,1566,14779
1752310588317866280,0,-14435,-4116,11905,11713,-4084,-9057,1566,14779
1752310588337821165,0,-14435,-4116,11905,11713,-4084,-9057,1566,14779
1752310588357776489,0,-14435,-4116,11905,11713,-4084,-9057,1566,14779
1752310588377905269,0,-14435,-4116,11905,11713,-4084,-9057,1566,14779
1752310588397792146,0,-14435,-4116,11905,11713,-4084,-9057,1566,14779
1752310588417831731,0,-14435,-4116,11905,11713,-4084,-9057,1566,14779
1752310588437749098,0,-14435,-4116,11905,11713,-4084,-9057,1566,14779
1752310588457877234,0,-14435,-4116,11905,11713,-4084,-9057,1566,14779
1752310588477924689,0,-14435,-4116,11905,11713,-4084,-9057,1566,14779
1752310588497819130,0,-14435,-4116,11905,11713,-4084,-9057,1566,14779
1752310588517729702,0,-14435,-4116,11905,11713,-4084,-9057,1566,14779
1752310588537753049,0,-14435,-4116,11905,11713,-4084,-9057,1566,14779
1752310588557821087,0,-14435,-4116,11905,11713,-4084,-9057,1566,14779
1752310588577704795,0,-14435,-4116,11905,11713,-4084,-9057,1566,14779
1752310588597727870,0,-14435,-4116,11905,11713,-4084,-9057,1566,14779
1752310588617807726,0,-14435,-4116,11905,11713,-4084,-9057,1566,14779
1752310588637779882,0,-14435,-4116,11905,11713,-4084,-9057,1566,14779
1752310588657674247,0,-14435,-4116,11905,11713,-4084,-9057,1566,14779
1752310588677781826,0,-14435,-4116,11905,11713,-4084,-9057,1566,14779
1752310588697724517,0,-14435,-4116,11905,11713,-4084,-9057,1566,14779
1752310588717721698,0,-14435,-4116,11905,11713,-4084,-9057,1566,14779
1752310588737734225,0,-14435,-4116,11905,11713,-4084,-9057,1566,14779
1752310588757748882,0,-14435,-4116,11905,11713,-4084,-9057,1566,14779
1752310588777743435,0,-14435,-4116,11905,11713,-4084,-9057,1566,14779
1752310588797737446,0,-14435,-4116,11905,11713,-4084,-9057,1566,14779
1752310588817748180,0,-14435,-4116,11905,11713,-4084,-9057,1566,14779
1752310588837698992,0,-14435,-4116,11905,11713,-4084,-9057,1566,14779
1752310588857824103,0,-14435,-4116,11905,11713,-4084,-9057,1566,14779
1752310588877853453,0,-14435,-4116,11905,11713,-4084,-9057,1566,14779
1752310588897760557,0,-14435,-4116,11905,11713,-4084,-9057,1566,14779
1752310588917820552,0,-14435,-4116,11905,11713,-4084,-9057,1566,14779
1752310588937730861,0,-14435,-4116,11905,11713,-4084,-9057,1566,14779
1752310588957763492,0,-14435,-4116,11905,11713,-4084,-9057,1566,14779
1752310588977822387,0,-14435,-4116,11905,11713,-4084,-9057,1566,14779
1752310588997839267,0,-14435,-4116,11905,11713,-4084,-9057,1566,14779
1752310589017723807,0,-14435,-4116,11905,11713,-4084,-9057,1566,14779
1752310589037826829,0,-14435,-4116,11905,11713,-4084,-9057,1566,14779
1752310589057731730,0,-14435,-4116,11905,11713,-4084,-9057,1566,14779
1752310589077665537,0,-14435,-4116,11905,11713,-4084,-9057,1566,14779
1752310589097736126,0,-14435,-4116,11905,11713,-4084,-9057,1566,14779
1752310589117877240,0,-14435,-4116,11905,11713,-4084,-9057,1566,14779
1752310589137808485,0,-14435,-4116,11905,11713,-4084,-9057,1566,14779
1752310589157765157,0,-14435,-4116,11905,11713,-4084,-9057,1566,14779
1752310589177859471,0,-14435,-4116,11905,11713,-4084,-9057,1566,14779
1752310589197782405,0,-14435,-4116,11905,11713,-4084,-9057,1566,14779
1752310589217770026,0,-14435,-4116,11905,11713,-4084,-9057,1566,14779
1752310589237746609,0,-14435,-4116,11905,11713,-4084,-9057,1566,14779
1752310589257804926,0,-14435,-4116,11905,11713,-4084,-9057,1566,14779
1752310589277837600,0,-14435,-4116,11905,11713,-4084,-9057,1566,14779
1752310589297859633,0,-14435,-4116,11905,11713,-4084,-9057,1566,14779
1752310589317815435,0,-14435,-4116,11905,11713,-4084,-9057,1566,14779
1752310589337752347,0,-14435,-4116,11905,11713,-4084,-9057,1566,14779
1752310589357791039,0,-14435,-4116,11905,11713,-4084,-9057,1566,14779
1752310589377810379,0,-14435,-4116,11905,11713,-4084,-9057,1566,14779
1752310589397873968,0,-14435,-4116,11905,11713,-4084,-9057,1566,14779
1752310589417791415,0,-14435,-4116,11905,11713,-4084,-9057,1566,14779
1752310589437748320,0,-14435,-4116,11905,11713,-4084,-9057,1566,14779
1752310589457760819,0,-14435,-4116,11905,11713,-4084,-9057,1566,14779
1752310589477786170,0,-14435,-4116,11905,11713,-4084,-9057,1566,14779
1752310589497877590,0,-14435,-4116,11905,11713,-4084,-9057,1566,14779
1752310589517787137,0,-14435,-4116,11905,11713,-4084,-9057,1566,14779
1752310589538004150,0,-14435,-4116,11905,11713,-4084,-9057,1566,14779
1752310589557855768,0,-14435,-4116,11905,11713,-4084,-9057,1566,14779
1752310589577710964,0,-14435,-4116,11905,11713,-4084,-9057,1566,14779
1752310589597682368,0,-14435,-4116,11905,11713,-4084,-9057,1566,14779
1752310589617666957,0,-14435,-4116,11905,11713,-4084,-9057,1566,14779
1752310589637773570,0,-14435,-4116,11905,11713,-4084,-9057,1566,14779
1752310589657767606,0,-14435,-4116,11905,11713,-4084,-9057,1566,14779
1752310589677733283,0,-14435,-4116,11905,11713,-4084,-9057,1566,14779
1752310589697825261,0,-14435,-4116,11905,11713,-4084,-9057,1566,14779
1752310589717799079,0,-14435,-4116,11905,11713,-4084,-9057,1566,14779
1752310589737791534,0,-14435,-4116,11905,11713,-4084,-9057,1566,14779
1752310589757861815,0,-14435,-4116,11905,11713,-4084,-9057,1566,14779
1752310589777863073,0,-14435,-4116,11905,11713,-4084,-9057,1566,14779
1752310589797823936,0,-14435,-4116,11905,11713,-4084,-9057,1566,14779
1752310589817847056,0,-14435,-4116,11905,11713,-4084,-9057,1566,14779
1752310589837734036,0,-14435,-4116,11905,11713,-4084,-9057,1566,14779
1752310589857755394,0,-14435,-4116,11905,11713,-4084,-9057,1566,14779
1752310589877800377,0,-14435,-4116,11905,11713,-4084,-9057,1566,14779
1752310589897784729,0,-14435,-4116,11905,11713,-4084,-9057,1566,14779
1752310589917795190,0,-14435,-4116,11905,11713,-4084,-9057,1566,14779
1752310589937708531,0,-14435,-4116,11905,11713,-4084,-9057,1566,14779
1752310589957737279,0,-14437,-4116,11905,11711,-4084,-9057,1566,14779
1752310589977753392,0,-14442,-4116,11905,11706,-4084,-9057,1566,14779
1752310589997859871,0,-14450,-4116,11905,11698,-4084,-9057,1566,14779
1752310590017800377,0,-14460,-4116,11905,11688,-4084,-9057,1566,14779
1752310590037621489,0,-14472,-4116,11905,11676,-4084,-9057,1566,14779
1752310590057834335,0,-14485,-4116,11905,11663,-4084,-9057,1566,14779
1752310590077773414,0,-14500,-4116,11905,11648,-4084,-9057,1566,14779
1752310590097762425,0,-14516,-4116,11905,11632,-4084,-9057,1566,14779
1752310590117921631,0,-14532,-4116,11905,11616,-4084,-9057,1566,14779
1752310590137799064,0,-14548,-4116,11905,11600,-4084,-9057,1566,14779
1752310590157731600,0,-14564,-4116,11905,11584,-4084,-9057,1566,14779
1752310590177904353,0,-14580,-4116,11905,11568,-4084,-9057,1566,14779
1752310590197776629,0,-14596,-4116,11905,11552,-4084,-9057,1566,14779
1752310590217741351,0,-14612,-4116,11905,11536,-4084,-9057,1566,14779
1752310590237679477,0,-14628,-4116,11905,11520,-4084,-9057,1566,14779
1752310590257748705,0,-14644,-4116,11905,11504,-4084,-9057,1566,14779
1752310590277752966,0,-14660,-4116,11905,11488,-4084,-9057,1566,14779
1752310590297687914,0,-14676,-4116,11905,11472,-4084,-9057,1566,14779
1752310590317734720,0,-14692,-4116,11905,11456,-4084,-9057,1566,14779
1752310590337803747,0,-14708,-4116,11905,11440,-4084,-9057,1566,14779
1752310590357774213,0,-14724,-4116,11905,11424,-4084,-9057,1566,14779
1752310590377802501,0,-14740,-4116,11905,11408,-4084,-9057,1566,14779
1752310590397696599,0,-14756,-4116,11905,11392,-4084,-9057,1566,14779
1752310590417707446,0,-14772,-4116,11905,11376,-4084,-9057,1566,14779
1752310590437717258,0,-14788,-4116,11905,11360,-4084,-9057,1566,14779
1752310590457849802,0,-14804,-4116,11905,11344,-4084,-9057,1566,14779
1752310590477842598,0,-14820,-4116,11905,11328,-4084,-9057,1566,14779
1752310590497799728,0,-14836,-4116,11905,11312,-4084,-9057,1566,14779
1752310590517781580,0,-14852,-4116,11905,11296,-4084,-9057,1566,14779
1752310590537833131,0,-14868,-4116,11905,11280,-4084,-9057,1566,14779
1752310590557788418,0,-14884,-4116,11905,11264,-4084,-9057,1566,14779
1752310590577777234,0,-14900,-4116,11905,11248,-4084,-9057,1566,14779
1752310590597837716,0,-14916,-4116,11905,11232,-4084,-9057,1566,14779
1752310590617789737,0,-14932,-4116,11905,11216,-4084,-9057,1566,14779
1752310590637875559,0,-14948,-4116,11905,11200,-4084,-9057,1566,14779
1752310590657793514,0,-14964,-4116,11905,11184,-4084,-9057,1566,14779
1752310590677870665,0,-14980,-4116,11905,11168,-4084,-9057,1566,14779
1752310590697858411,0,-14996,-4116,11905,11152,-4084,-9057,1566,14779
1752310590717824081,0,-15012,-4116,11905,11136,-4084,-9057,1566,14779
1752310590737828241,0,-15028,-4116,11905,11120,-4084,-9057,1566,14779
1752310590757878334,0,-15044,-4116,11905,11104,-4084,-9057,1566,14779
1752310590777822629,0,-15060,-4116,11905,11088,-4084,-9057,1566,14779
1752310590797918056,0,-15076,-4116,11905,11072,-4084,-9057,1566,14779
1752310590817918419,0,-15092,-4116,11905,11056,-4084,-9057,1566,14779
1752310590837793338,0,-15108,-4116,11905,11040,-4084,-9057,1566,14779
1752310590857807444,0,-15124,-4116,11905,11024,-4084,-9057,1566,14779
1752310590877746216,0,-15140,-4116,11905,11008,-4084,-9057,1566,14779
1752310590897734312,0,-15156,-4116,11905,10992,-4084,-9057,1566,14779
1752310590917752670,0,-15172,-4116,11905,10976,-4084,-9057,1566,14779
1752310590937685621,0,-15188,-4116,11905,10960,-4084,-9057,1566,14779
1752310590957733902,0,-15204,-4116,11905,10944,-4084,-9057,1566,14779
1752310590977784595,0,-15220,-4116,11905,10928,-4084,-9057,1566,14779
1752310590997782526,0,-15236,-4116,11905,10912,-4084,-9057,1566,14779
1752310591017786141,0,-15252,-4116,11905,10896,-4084,-9057,1566,14779
1752310591037838423,0,-15268,-4116,11905,10880,-4084,-9057,1566,14779
1752310591057814103,0,-15284,-4116,11905,10864,-4084,-9057,1566,14779
1752310591077730244,0,-15300,-4116,11905,10848,-4084,-9057,1566,14779
1752310591097703562,0,-15316,-4116,11905,10832,-4084,-9057,1566,14779
1752310591117743745,0,-15332,-4116,11905,10816,-4084,-9057,1566,14779
1752310591137868562,0,-15348,-4116,11905,10800,-4084,-9057,1566,14779
1752310591157733645,0,-15364,-4116,11905,10784,-4084,-9057,1566,14779
1752310591177810424,0,-15380,-4116,11905,10768,-4084,-9057,1566,14779
1752310591197743462,0,-15396,-4116,11905,10752,-4084,-9057,1566,14779
1752310591217835431,0,-15412,-4116,11905,10736,-4084,-9057,1566,14779
1752310591237748736,0,-15428,-4116,11905,10720,-4084,-9057,1566,14779
1752310591257735302,0,-15444,-4116,11905,10704,-4084,-9057,1566,14779
1752310591277706671,0,-15460,-4116,11905,10688,-4084,-9057,1566,14779
1752310591297748473,0,-15476,-4116,11905,10672,-4084,-9057,1566,14779
1752310591317825882,0,-15492,-4116,11905,10656,-4084,-9057,1566,14779
1752310591337694218,0,-15508,-4116,11905,10640,-4084,-9057,1566,14779
1752310591357738131,0,-15524,-4116,11905,10624,-4084,-9057,1566,14779
1752310591377689603,0,-15540,-4116,11905,10608,-4084,-9057,1566,14779
1752310591397672560,0,-15556,-4116,11905,10592,-4084,-9057,1566,14779
1752310591417659829,0,-15572,-4116,11905,10576,-4084,-9057,1566,14779
1752310591437679475,0,-15588,-4116,11905,10560,-4084,-9057,1566,14779
1752310591457683085,0,-15604,-4116,11905,10544,-4084,-9057,1566,14779
1752310591477619491,0,-15620,-4116,11905,10528,-4084,-9057,1566,14779
1752310591497715466,0,-15636,-4116,11905,10512,-4084,-9057,1566,14779
1752310591517737267,0,-15652,-4116,11905,10496,-4084,-9057,1566,14779
1752310591537731087,0,-15668,-4116,11905,10480,-4084,-9057,1566,14779
1752310591557636849,0,-15684,-4116,11905,10464,-4084,-9057,1566,14779
1752310591577713513,0,-15700,-4116,11905,10448,-4084,-9057,1566,14779
1752310591597783994,0,-15716,-4116,11905,10432,-4084,-9057,1566,14779
1752310591617701634,0,-15732,-4116,11905,10416,-4084,-9057,1566,14779
1752310591637782455,0,-15748,-4116,11905,10400,-4084,-9057,1566,14779
1752310591657622560,0,-15764,-4116,11905,10384,-4084,-9057,1566,14779
1752310591677799054,0,-15780,-4116,11905,10368,-4084,-9057,1566,14779
1752310591697916713,0,-15796,-4116,11905,10352,-4084,-9057,1566,14779
1752310591717816341,0,-15812,-4116,11905,10336,-4084,-9057,1566,14779
1752310591737740667,0,-15828,-4116,11905,10320,-4084,-9057,1566,14779
1752310591757759507,0,-15844,-4116,11905,10304,-4084,-9057,1566,14779
1752310591777765934,0,-15860,-4116,11905,10288,-4084,-9057,1566,14779
1752310591797761076,0,-15876,-4116,11905,10272,-4084,-9057,1566,14779
1752310591817670285,0,-15892,-4116,11905,10256,-4084,-9057,1566,14779
1752310591837763754,0,-15908,-4116,11905,10240,-4084,-9057,1566,14779
1752310591857766737,0,-15924,-4116,11905,10224,-4084,-9057,1566,14779
1752310591877889528,0,-15940,-4116,11905,10208,-4084,-9057,1566,14779
1752310591897836816,0,-15956,-4116,11905,10192,-4084,-9057,1566,14779
1752310591917825824,0,-15972,-4116,11905,10176,-4084,-9057,1566,14779
1752310591937718525,0,-15988,-4116,11905,10160,-4084,-9057,1566,14779
1752310591957799065,0,-16004,-4116,11905,10144,-4084,-9057,1566,14779
1752310591977809743,0,-16020,-4116,11905,10128,-4084,-9057,1566,14779
1752310591997810958,0,-16036,-4116,11905,10112,-4084,-9057,1566,14779
1752310592017784831,0,-16052,-4116,11905,10096,-4084,-9057,1566,14779
1752310592037923484,0,-16068,-4116,11905,10080,-4084,-9057,1566,14779
1752310592057681320,0,-16084,-4116,11905,10064,-4084,-9057,1566,14779
1752310592077809908,0,-16100,-4116,11905,10048,-4084,-9057,1566,14779
1752310592097776539,0,-16116,-4116,11905,10032,-4084,-9057,1566,14779
1752310592117726676,0,-16132,-4116,11905,10016,-4084,-9057,1566,14779
1752310592137674176,0,-16148,-4116,11905,10000,-4084,-9057,1566,14779
1752310592157693167,0,-16164,-4116,11905,9984,-4084,-9057,1566,14779
1752310592177658773,0,-16178,-4116,11905,9970,-4084,-9057,1566,14779
1752310592197726423,0,-16184,-4116,11905,9964,-4084,-9057,1566,14779
1752310592217829113,0,-16185,-4116,11905,9963,-4084,-9057,1566,14779
1752310592237740884,0,-16185,-4116,11905,9963,-4084,-9057,1566,14779
1752310592257788549,0,-16185,-4116,11905,9963,-4084,-9057,1566,14779
1752310592277726995,0,-16185,-4116,11905,9963,-4084,-9057,1566,14779
1752310592297811159,0,-16185,-4116,11905,9963,-4084,-9057,1566,14779
1752310592317734634,0,-16185,-4116,11905,9963,-4084,-9057,1566,14779
1752310592337788609,0,-16185,-4116,11905,9963,-4084,-9057,1566,14779
1752310592357677821,0,-16185,-4116,11905,9963,-4084,-9057,1566,14779
1752310592377687527,0,-16185,-4116,11905,9963,-4084,-9057,1566,14779
1752310592397754135,0,-16185,-4116,11905,9963,-4084,-9057,1566,14779
1752310592417669924,0,-16185,-4116,11905,9963,-4084,-9057,1566,14779
1752310592437749240,0,-16185,-4116,11905,9963,-4084,-9057,1566,14779
1752310592457707734,0,-16185,-4116,11905,9963,-4084,-9057,1566,14779
1752310592477705702,0,-16185,-4116,11905,9963,-4084,-9057,1566,14779
1752310592497733727,0,-16185,-4116,11905,9963,-4084,-9057,1566,14779
1752310592517774951,0,-16185,-4116,11905,9963,-4084,-9057,1566,14779
1752310592537750593,0,-16185,-4116,11905,9963,-4084,-9057,1566,14779
1752310592557785679,0,-16185,-4116,11905,9963,-4084,-9057,1566,14779
1752310592577730858,0,-16185,-4116,11905,9963,-4084,-9057,1566,14779
1752310592597853931,0,-16185,-4116,11905,9963,-4084,-9057,1566,14779
1752310592617959681,0,-16185,-4116,11905,9963,-4084,-9057,1566,14779
1752310592637825407,0,-16185,-4116,11905,9963,-4084,-9057,1566,14779
1752310592657769508,0,-16185,-4116,11905,9963,-4084,-9057,1566,14779
1752310592677847339,0,-16185,-4116,11905,9963,-4084,-9057,1566,14779
1752310592697816734,0,-16185,-4116,11905,9963,-4084,-9057,1566,14779
1752310592717805271,0,-16185,-4116,11905,9963,-4084,-9057,1566,14779
1752310592737764643,0,-16185,-4116,11905,9963,-4084,-9057,1566,14779
1752310592757725244,0,-16185,-4116,11905,9963,-4084,-9057,1566,14779
1752310592777777932,0,-16185,-4116,11905,9963,-4084,-9057,1566,14779
1752310592797855774,0,-16185,-4116,11905,9963,-4084,-9057,1566,14779
1752310592817857438,0,-16185,-4116,11905,9963,-4084,-9057,1566,14779
1752310592837749345,0,-16185,-4116,11905,9963,-4084,-9057,1566,14779
1752310592857713269,0,-16185,-4116,11905,9963,-4084,-9057,1566,14779
1752310592877724083,0,-16185,-4116,11905,9963,-4084,-9057,1566,14779
1752310592897747740,0,-16185,-4116,11905,9963,-4084,-9057,1566,14779
1752310592917738859,0,-16185,-4116,11905,9963,-4084,-9057,1566,14779
1752310592937777001,0,-16185,-4116,11905,9963,-4084,-9057,1566,14779
1752310592957713825,0,-16185,-4116,11905,9963,-4084,-9057,1566,14779
1752310592977770250,0,-16185,-4116,11905,9963,-4084,-9057,1566,14779
1752310592997733128,0,-16185,-4116,11905,9963,-4084,-9057,1566,14779
1752310593017830725,0,-16185,-4116,11905,9963,-4084,-9057,1566,14779
1752310593037765714,0,-16185,-4116,11905,9963,-4084,-9057,1566,14779
1752310593057732170,0,-16185,-4116,11905,9963,-4084,-9057,1566,14779
1752310593077694906,0,-16185,-4116,11905,9963,-4084,-9057,1566,14779
1752310593097839822,0,-16185,-4116,11905,9963,-4084,-9057,1566,14779
1752310593117881338,0,-16185,-4116,11905,9963,-4084,-9057,1566,14779
1752310593137812346,0,-16185,-4116,11905,9963,-4084,-9057,1566,14779
1752310593157802534,0,-16185,-4116,11905,9963,-4084,-9057,1566,14779
1752310593177773985,0,-16185,-4116,11905,9963,-4084,-9057,1566,14779
1752310593197832071,0,-16185,-4116,11905,9963,-4084,-9057,1566,14779
1752310593217853674,0,-16185,-4116,11905,9963,-4084,-9057,1566,14779
1752310593237862780,0,-16185,-4116,11905,9963,-4084,-9057,1566,14779
1752310593257732260,0,-16185,-4116,11905,9963,-4084,-9057,1566,14779
1752310593277808975,0,-16185,-4116,11905,9963,-4084,-9057,1566,14779
1752310593297748689,0,-16185,-4116,11905,9963,-4084,-9057,1566,14779
1752310593317781922,0,-16185,-4116,11905,9963,-4084,-9057,1566,14779
1752310593337789417,0,-16185,-4116,11905,9963,-4084,-9057,1566,14779
1752310593357729382,0,-16185,-4116,11905,9963,-4084,-9057,1566,14779
1752310593377765117,0,-16185,-4116,11905,9963,-4084,-9057,1566,14779
1752310593397872688,0,-16185,-4116,11905,9963,-4084,-9057,1566,14779
1752310593417847896,0,-16185,-4116,11905,9963,-4084,-9057,1566,14779
1752310593437790310,0,-16185,-4116,11905,9963,-4084,-9057,1566,14779
1752310593457783196,0,-16185,-4116,11905,9963,-4084,-9057,1566,14779
1752310593477833748,0,-16185,-4116,11905,9963,-4084,-9057,1566,14779
1752310593497859813,0,-16185,-4116,11905,9963,-4084,-9057,1566,14779
1752310593517808366,0,-16185,-4116,11905,9963,-4084,-9057,1566,14779
1752310593537999955,0,-16185,-4116,11905,9963,-4084,-9057,1566,14779
1752310593557789719,0,-16185,-4116,11905,9963,-4084,-9057,1566,14779
1752310593577738668,0,-16185,-4116,11905,9963,-4084,-9057,1566,14779
1752310593597777284,0,-16185,-4116,11905,9963,-4084,-9057,1566,14779
1752310593617838495,0,-16185,-4116,11905,9963,-4084,-9057,1566,14779
1752310593637687956,0,-16185,-4116,11905,9963,-4084,-9057,1566,14779
1752310593657671948,0,-16185,-4116,11905,9963,-4084,-9057,1566,14779
